/******************************************************************************
*Copyright(C)2018, Huada Semiconductor Co.,Ltd All rights reserved.
*
* This software is owned and published by:
* Huada Semiconductor Co.,Ltd("HDSC").
*
* BY DOWNLOADING, INSTALLING OR USING THIS SOFTWARE, YOU AGREE TO BE BOUND
* BY ALL THE TERMS AND CONDITIONS OF THIS AGREEMENT.
*
* This software contains source code for use with HDSC
* components. This software is licensed by HDSC to be adapted only
* for use in systems utilizing HDSC components. HDSC shall not be
* responsible for misuse or illegal use of this software for devices not
* supported herein. HDSC is providing this software "AS IS" and will
* not be responsible for issues arising from incorrect user implementation
* of the software.
*
* Disclaimer:
* HDSC MAKES NO WARRANTY, EXPRESS OR IMPLIED, ARISING BY LAW OR OTHERWISE,
* REGARDING THE SOFTWARE (INCLUDING ANY ACOOMPANYING WRITTEN MATERIALS),
* ITS PERFORMANCE OR SUITABILITY FOR YOUR INTENDED USE, INCLUDING,
* WITHOUT LIMITATION, THE IMPLIED WARRANTY OF MERCHANTABILITY, THE IMPLIED
* WARRANTY OF FITNESS FOR A PARTICULAR PURPOSE OR USE, AND THE IMPLIED
* WARRANTY OF NONINFRINGEMENT.
* HDSC SHALL HAVE NO LIABILITY (WHETHER IN CONTRACT, WARRANTY, TORT,
* NEGLIGENCE OR OTHERWISE) FOR ANY DAMAGES WHATSOEVER (INCLUDING, WITHOUT
* LIMITATION, DAMAGES FOR LOSS OF BUSINESS PROFITS, BUSINESS INTERRUPTION,
* LOSS OF BUSINESS INFORMATION, OR OTHER PECUNIARY LOSS) ARISING FROM USE OR
* INABILITY TO USE THE SOFTWARE, INCLUDING, WITHOUT LIMITATION, ANY DIRECT,
* INDIRECT, INCIDENTAL, SPECIAL OR CONSEQUENTIAL DAMAGES OR LOSS OF DATA,
* SAVINGS OR PROFITS,
* EVEN IF Disclaimer HAS BEEN ADVISED OF THE POSSIBILITY OF SUCH DAMAGES.
* YOU ASSUME ALL RESPONSIBILITIES FOR SELECTION OF THE SOFTWARE TO ACHIEVE YOUR
* INTENDED RESULTS, AND FOR THE INSTALLATION OF, USE OF, AND RESULTS OBTAINED
* FROM, THE SOFTWARE.
*
* This software may be replicated in part or whole for the licensed use,
* with the restriction that this Disclaimer and Copyright notice must be
* included with each copy of this software, whether used in part or whole,
* at all times.
*/

/** \file inf_config.c
 **
 ** Inf Config .
 ** @link Some description @endlink
 **
 **   - 2020-02-08
 **
 ******************************************************************************/

/*******************************************************************************
 * Include files
 ******************************************************************************/
#include "inf_config.h"

/**
 *******************************************************************************
 ** \addtogroup InfConfig
 ******************************************************************************/
//@{

/*******************************************************************************
 * Local pre-processor symbols/macros ('#define')
 ******************************************************************************/
///< SENSOR 型号支持列表
#define S_GTP_M2_F55 		(1u)
#define S_ISB_TS45H 		(2u)
#define S_SP10_F55	        (3u)
#define S_MTP10_B1F55		(4u)
#define S_ZTP148		    (5u)
#define S_ATS46             (6u)

/*******************************************************************************
 * Global variable definitions (declared in header file with 'extern')
 ******************************************************************************/
///< SENSOR 型号配置
#define SENSOR_TYPE     S_1875N

/*******************************************************************************
 * Local type definitions ('typedef')
 ******************************************************************************/

/*******************************************************************************
 * Local variable definitions ('static')
 ******************************************************************************/

/*******************************************************************************
 * =========================== 硬件相关参数定义 ===========================*
 ******************************************************************************/

#if (SENSOR_TYPE == S_1875N)
struct InfTherBoardPara const stcInfTherBoardPara = 
{
    ///< ADC 参数配置
    .u32VirAdcVref      = (2048000000),     ///< VIR ADC 参考电压(nV)
    .u32AdcResolMsk     = (0xFFFu),         ///< ADC 有效位(默认 - [0xFFF])
        
    ///< NTC 校准系数   
    //.u32NtcRL           = (46950),          ///< NTC 对地采样电阻RL(Ω)[#I]
    .u32NtcRL           = (51000),          ///< NTC 对地采样电阻RL(Ω)[#II]
    .f32NtcKL           = (0.3426),         ///< NTC 校准系数(默认 - [0.0])
    .f32NtcKH           = (0.3426),         ///< NTC 校准系数(默认 - [0.0])
    .f32NtcStdTemp      = (25.0),           ///< NTC 标准环境温度(默认 - [25.0]) 
    
    ///< VIR 校准系数
    //.f32VirOpGain       = (253.0127),       ///< VIR 信号调理OP增益[#I]
    .f32VirOpGain       = (252.8823),       ///< VIR 信号调理OP增益[#II]
    .f32VirK            = (1.0),            ///< VIR 校准系数(默认 - [1.0])
    .f32BlackBodyTempL  = (33.93),           ///< VIR 黑体标定温度L
    .f32BlackBodyTempH  = (37.90),           ///< VIR 黑体标定温度H
    .f32BlackBodyStdTempL  = (32),           ///< VIR 黑体标定温度L(默认32.0)
    .f32BlackBodyStdTempH  = (42),           ///< VIR 黑体标定温度H(默认37.0)

    .u32BlackBodyTempLAddr = (0xFC00),      ///< 黑体标定温度L数据地址
    .u32BlackBodyTempHAddr = (0xFE00),      ///< 黑体标定温度H数据地址
};
#endif

#if (SENSOR_TYPE == S_ISB_TS45H)    ///< 森霸
struct InfTherBoardPara const stcInfTherBoardPara = 
{
    ///< ADC 参数配置
    .u32VirAdcVref      = (2048000000),     ///< VIR ADC 参考电压(nV)
    .u32AdcResolMsk     = (0xFFFu),         ///< ADC 有效位(默认 - [0xFFF])
        
    ///< NTC 校准系数   
    //.u32NtcRL           = (46950),          ///< NTC 对地采样电阻RL(Ω)[#I]
    .u32NtcRL           = (46940),          ///< NTC 对地采样电阻RL(Ω)[#II]
    .f32NtcKL           = (0.3426),         ///< NTC 校准系数(默认 - [0.0])
    .f32NtcKH           = (0.3426),         ///< NTC 校准系数(默认 - [0.0])
    .f32NtcStdTemp      = (25.0),           ///< NTC 标准环境温度(默认 - [25.0]) 
    
    ///< VIR 校准系数
    //.f32VirOpGain       = (253.0127),       ///< VIR 信号调理OP增益[#I]
    .f32VirOpGain       = (252.8823),       ///< VIR 信号调理OP增益[#II]
    .f32VirK            = (1.0),            ///< VIR 校准系数(默认 - [1.0])
    .f32BlackBodyTempL  = (33.93),           ///< VIR 黑体标定温度L
    .f32BlackBodyTempH  = (37.90),           ///< VIR 黑体标定温度H
    .f32BlackBodyStdTempL  = (32),           ///< VIR 黑体标定温度L(默认32.0)
    .f32BlackBodyStdTempH  = (42),           ///< VIR 黑体标定温度H(默认37.0)

    .u32BlackBodyTempLAddr = (0xFC00),      ///< 黑体标定温度L数据地址
    .u32BlackBodyTempHAddr = (0xFE00),      ///< 黑体标定温度H数据地址
};

#endif

#if (SENSOR_TYPE == S_ZTP148)		///< 安菲诺
struct InfTherBoardPara const stcInfTherBoardPara = 
{
    ///< ADC 参数配置
    .u32VirAdcVref      = (2048000000),     ///< VIR ADC 参考电压(nV)
    .u32AdcResolMsk     = (0xFFFu),         ///< ADC 有效位(默认 - [0xFFF])
        
    ///< NTC 校准系数   
    .u32NtcRL          = (47060),        ///< NTC 对地采样电阻RL(Ω)[#Red4]
    //.u32NtcRL           = (47210),          ///< NTC 对地采样电阻RL(Ω)[#Red2]
    //.f32NtcKL           = (0.1026),         ///< NTC 校准系数(默认 - [0.0])[#Red2]
    //.f32NtcKH           = (0.1026),         ///< NTC 校准系数(默认 - [0.0])[#Red2]
    .f32NtcKL           = (0.1526),         ///< NTC 校准系数(默认 - [0.0])[#Red4]
    .f32NtcKH           = (0.1526),         ///< NTC 校准系数(默认 - [0.0])[#Red4]
    .f32NtcStdTemp      = (25.0),           ///< NTC 标准环境温度(默认 - [25.0])
    
    ///< VIR 校准系数
    .f32VirOpGain       = (253.1334),     ///< VIR 信号调理OP增益[#Red4]
    //.f32VirOpGain       = (252.6905),       ///< VIR 信号调理OP增益[#Red2]
    .f32VirK            = (1.0),            ///< VIR 校准系数(默认 - [1.0])
    //.f32BlackBodyTempL  = (36.80),           ///< VIR 黑体标定温度L(默认37.0)[#Red2]
    //.f32BlackBodyTempH  = (41.80),           ///< VIR 黑体标定温度H(默认42.0)[#Red2]
    .f32BlackBodyTempL  = (35.91),           ///< VIR 黑体标定温度L(默认37.0)[#Red4]
    .f32BlackBodyTempH  = (40.44),           ///< VIR 黑体标定温度H(默认42.0)[#Red4]    
    .f32BlackBodyStdTempL  = (37.0),           ///< VIR 黑体标定温度L(默认37.0)
    .f32BlackBodyStdTempH  = (42.0),           ///< VIR 黑体标定温度H(默认42.0) 

    .u32BlackBodyTempLAddr = (0xFC00),      ///< 黑体标定温度L数据地址
    .u32BlackBodyTempHAddr = (0xFE00),      ///< 黑体标定温度H数据地址
};

#endif

#if (SENSOR_TYPE == S_ATS46)		///< ATS
struct InfTherBoardPara const stcInfTherBoardPara = 
{
    ///< ADC 参数配置
    .u32VirAdcVref      = (2048000000),     ///< VIR ADC 参考电压(nV)
    .u32AdcResolMsk     = (0xFFFu),         ///< ADC 有效位(默认 - [0xFFF])
    
    ///< NTC 校准系数   
    .u32NtcRL              = (46990),          ///< NTC 对地采样电阻RL(Ω)
    .f32NtcKL              = (0.1026),         ///< NTC 校准系数(默认 - [0.0])
    .f32NtcKH              = (0.1026),         ///< NTC 校准系数(默认 - [0.0])
    .f32NtcStdTemp         = (25.0),           ///< NTC 标准环境温度(默认 - [25.0])
                           
    ///< VIR 校准系数      
    .f32VirOpGain          = (253.1121),       ///< VIR 信号调理OP增益
    .f32VirK               = (1.0),            ///< VIR 校准系数(默认 - [1.0])
    .f32BlackBodyTempL     = (36.09),           ///< VIR 黑体标定温度1
    .f32BlackBodyTempH     = (40.59),           ///< VIR 黑体标定温度2
    .f32BlackBodyStdTempL  = (37.0),           ///< VIR 黑体标定温度1(默认37.0)
    .f32BlackBodyStdTempH  = (42.0),           ///< VIR 黑体标定温度2(默认42.0) 

    .u32BlackBodyTempLAddr = (0xFC00),      ///< 黑体标定温度L数据地址
    .u32BlackBodyTempHAddr = (0xFE00),      ///< 黑体标定温度H数据地址
};

#endif

/*******************************************************************************
 * =========================== R-T、V-T数据表格定义 ===========================*
 ******************************************************************************/
#if (SENSOR_TYPE == S_1875N)
const int32_t i32TempVirTable[TEMPVIR_NTCDATALEN][TEMPVIRDATALEN] = {
    { 0, 64746, 130482, 197208, 264924, 333630, 403326, 474012, 545688, 618354, 692010, 766656, 842292, 918918, 996534, 1075140, 1154736, 1235322, 1316898, 1399464, 1483020, 1567566, 1653102, 1739628, 1827144, 1915650, 2005146, 2095632, 2187108, 2279574, 2373030, 2467476, 2562912, 2659338, 2756754, 2855160,},
    { -64746, 0, 65736, 132462, 200178, 268884, 338580, 409266, 480942, 553608, 627264, 701910, 777546, 854172, 931788, 1010394, 1089990, 1170576, 1252152, 1334718, 1418274, 1502820, 1588356, 1674882, 1762398, 1850904, 1940400, 2030886, 2122362, 2214828, 2308284, 2402730, 2498166, 2594592, 2692008, 2790414,},
    { -130482, -65736, 0, 66726, 134442, 203148, 272844, 343530, 415206, 487872, 561528, 636174, 711810, 788436, 866052, 944658, 1024254, 1104840, 1186416, 1268982, 1352538, 1437084, 1522620, 1609146, 1696662, 1785168, 1874664, 1965150, 2056626, 2149092, 2242548, 2336994, 2432430, 2528856, 2626272, 2724678,},
    { -197208, -132462, -66726, 0, 67716, 136422, 206118, 276804, 348480, 421146, 494802, 569448, 645084, 721710, 799326, 877932, 957528, 1038114, 1119690, 1202256, 1285812, 1370358, 1455894, 1542420, 1629936, 1718442, 1807938, 1898424, 1989900, 2082366, 2175822, 2270268, 2365704, 2462130, 2559546, 2657952,},
    { -264924, -200178, -134442, -67716, 0, 68706, 138402, 209088, 280764, 353430, 427086, 501732, 577368, 653994, 731610, 810216, 889812, 970398, 1051974, 1134540, 1218096, 1302642, 1388178, 1474704, 1562220, 1650726, 1740222, 1830708, 1922184, 2014650, 2108106, 2202552, 2297988, 2394414, 2491830, 2590236,},
    { -333630, -268884, -203148, -136422, -68706, 0, 69696, 140382, 212058, 284724, 358380, 433026, 508662, 585288, 662904, 741510, 821106, 901692, 983268, 1065834, 1149390, 1233936, 1319472, 1405998, 1493514, 1582020, 1671516, 1762002, 1853478, 1945944, 2039400, 2133846, 2229282, 2325708, 2423124, 2521530,},
    { -403326, -338580, -272844, -206118, -138402, -69696, 0, 70686, 142362, 215028, 288684, 363330, 438966, 515592, 593208, 671814, 751410, 831996, 913572, 996138, 1079694, 1164240, 1249776, 1336302, 1423818, 1512324, 1601820, 1692306, 1783782, 1876248, 1969704, 2064150, 2159586, 2256012, 2353428, 2451834,},
    { -474012, -409266, -343530, -276804, -209088, -140382, -70686, 0, 71676, 144342, 217998, 292644, 368280, 444906, 522522, 601128, 680724, 761310, 842886, 925452, 1009008, 1093554, 1179090, 1265616, 1353132, 1441638, 1531134, 1621620, 1713096, 1805562, 1899018, 1993464, 2088900, 2185326, 2282742, 2381148,},
    { -545688, -480942, -415206, -348480, -280764, -212058, -142362, -71676, 0, 72666, 146322, 220968, 296604, 373230, 450846, 529452, 609048, 689634, 771210, 853776, 937332, 1021878, 1107414, 1193940, 1281456, 1369962, 1459458, 1549944, 1641420, 1733886, 1827342, 1921788, 2017224, 2113650, 2211066, 2309472,},
    { -618354, -553608, -487872, -421146, -353430, -284724, -215028, -144342, -72666, 0, 73656, 148302, 223938, 300564, 378180, 456786, 536382, 616968, 698544, 781110, 864666, 949212, 1034748, 1121274, 1208790, 1297296, 1386792, 1477278, 1568754, 1661220, 1754676, 1849122, 1944558, 2040984, 2138400, 2236806,},
    { -692010, -627264, -561528, -494802, -427086, -358380, -288684, -217998, -146322, -73656, 0, 74646, 150282, 226908, 304524, 383130, 462726, 543312, 624888, 707454, 791010, 875556, 961092, 1047618, 1135134, 1223640, 1313136, 1403622, 1495098, 1587564, 1681020, 1775466, 1870902, 1967328, 2064744, 2163150,},
    { -766656, -701910, -636174, -569448, -501732, -433026, -363330, -292644, -220968, -148302, -74646, 0, 75636, 152262, 229878, 308484, 388080, 468666, 550242, 632808, 716364, 800910, 886446, 972972, 1060488, 1148994, 1238490, 1328976, 1420452, 1512918, 1606374, 1700820, 1796256, 1892682, 1990098, 2088504,},
    { -842292, -777546, -711810, -645084, -577368, -508662, -438966, -368280, -296604, -223938, -150282, -75636, 0, 76626, 154242, 232848, 312444, 393030, 474606, 557172, 640728, 725274, 810810, 897336, 984852, 1073358, 1162854, 1253340, 1344816, 1437282, 1530738, 1625184, 1720620, 1817046, 1914462, 2012868,},
    { -918918, -854172, -788436, -721710, -653994, -585288, -515592, -444906, -373230, -300564, -226908, -152262, -76626, 0, 77616, 156222, 235818, 316404, 397980, 480546, 564102, 648648, 734184, 820710, 908226, 996732, 1086228, 1176714, 1268190, 1360656, 1454112, 1548558, 1643994, 1740420, 1837836, 1936242,},
    { -996534, -931788, -866052, -799326, -731610, -662904, -593208, -522522, -450846, -378180, -304524, -229878, -154242, -77616, 0, 78606, 158202, 238788, 320364, 402930, 486486, 571032, 656568, 743094, 830610, 919116, 1008612, 1099098, 1190574, 1283040, 1376496, 1470942, 1566378, 1662804, 1760220, 1858626,},
    { -1075140, -1010394, -944658, -877932, -810216, -741510, -671814, -601128, -529452, -456786, -383130, -308484, -232848, -156222, -78606, 0, 79596, 160182, 241758, 324324, 407880, 492426, 577962, 664488, 752004, 840510, 930006, 1020492, 1111968, 1204434, 1297890, 1392336, 1487772, 1584198, 1681614, 1780020,},
    { -1154736, -1089990, -1024254, -957528, -889812, -821106, -751410, -680724, -609048, -536382, -462726, -388080, -312444, -235818, -158202, -79596, 0, 80586, 162162, 244728, 328284, 412830, 498366, 584892, 672408, 760914, 850410, 940896, 1032372, 1124838, 1218294, 1312740, 1408176, 1504602, 1602018, 1700424,},
    { -1235322, -1170576, -1104840, -1038114, -970398, -901692, -831996, -761310, -689634, -616968, -543312, -468666, -393030, -316404, -238788, -160182, -80586, 0, 81576, 164142, 247698, 332244, 417780, 504306, 591822, 680328, 769824, 860310, 951786, 1044252, 1137708, 1232154, 1327590, 1424016, 1521432, 1619838,},
    { -1316898, -1252152, -1186416, -1119690, -1051974, -983268, -913572, -842886, -771210, -698544, -624888, -550242, -474606, -397980, -320364, -241758, -162162, -81576, 0, 82566, 166122, 250668, 336204, 422730, 510246, 598752, 688248, 778734, 870210, 962676, 1056132, 1150578, 1246014, 1342440, 1439856, 1538262,},
    { -1399464, -1334718, -1268982, -1202256, -1134540, -1065834, -996138, -925452, -853776, -781110, -707454, -632808, -557172, -480546, -402930, -324324, -244728, -164142, -82566, 0, 83556, 168102, 253638, 340164, 427680, 516186, 605682, 696168, 787644, 880110, 973566, 1068012, 1163448, 1259874, 1357290, 1455696,},
    { -1483020, -1418274, -1352538, -1285812, -1218096, -1149390, -1079694, -1009008, -937332, -864666, -791010, -716364, -640728, -564102, -486486, -407880, -328284, -247698, -166122, -83556, 0, 84546, 170082, 256608, 344124, 432630, 522126, 612612, 704088, 796554, 890010, 984456, 1079892, 1176318, 1273734, 1372140,},
    { -1567566, -1502820, -1437084, -1370358, -1302642, -1233936, -1164240, -1093554, -1021878, -949212, -875556, -800910, -725274, -648648, -571032, -492426, -412830, -332244, -250668, -168102, -84546, 0, 85536, 172062, 259578, 348084, 437580, 528066, 619542, 712008, 805464, 899910, 995346, 1091772, 1189188, 1287594,},
    { -1653102, -1588356, -1522620, -1455894, -1388178, -1319472, -1249776, -1179090, -1107414, -1034748, -961092, -886446, -810810, -734184, -656568, -577962, -498366, -417780, -336204, -253638, -170082, -85536, 0, 86526, 174042, 262548, 352044, 442530, 534006, 626472, 719928, 814374, 909810, 1006236, 1103652, 1202058,},
    { -1739628, -1674882, -1609146, -1542420, -1474704, -1405998, -1336302, -1265616, -1193940, -1121274, -1047618, -972972, -897336, -820710, -743094, -664488, -584892, -504306, -422730, -340164, -256608, -172062, -86526, 0, 87516, 176022, 265518, 356004, 447480, 539946, 633402, 727848, 823284, 919710, 1017126, 1115532,},
    { -1827144, -1762398, -1696662, -1629936, -1562220, -1493514, -1423818, -1353132, -1281456, -1208790, -1135134, -1060488, -984852, -908226, -830610, -752004, -672408, -591822, -510246, -427680, -344124, -259578, -174042, -87516, 0, 88506, 178002, 268488, 359964, 452430, 545886, 640332, 735768, 832194, 929610, 1028016,},
    { -1915650, -1850904, -1785168, -1718442, -1650726, -1582020, -1512324, -1441638, -1369962, -1297296, -1223640, -1148994, -1073358, -996732, -919116, -840510, -760914, -680328, -598752, -516186, -432630, -348084, -262548, -176022, -88506, 0, 89496, 179982, 271458, 363924, 457380, 551826, 647262, 743688, 841104, 939510,},
    { -2005146, -1940400, -1874664, -1807938, -1740222, -1671516, -1601820, -1531134, -1459458, -1386792, -1313136, -1238490, -1162854, -1086228, -1008612, -930006, -850410, -769824, -688248, -605682, -522126, -437580, -352044, -265518, -178002, -89496, 0, 90486, 181962, 274428, 367884, 462330, 557766, 654192, 751608, 850014,},
    { -2095632, -2030886, -1965150, -1898424, -1830708, -1762002, -1692306, -1621620, -1549944, -1477278, -1403622, -1328976, -1253340, -1176714, -1099098, -1020492, -940896, -860310, -778734, -696168, -612612, -528066, -442530, -356004, -268488, -179982, -90486, 0, 91476, 183942, 277398, 371844, 467280, 563706, 661122, 759528,},
    { -2187108, -2122362, -2056626, -1989900, -1922184, -1853478, -1783782, -1713096, -1641420, -1568754, -1495098, -1420452, -1344816, -1268190, -1190574, -1111968, -1032372, -951786, -870210, -787644, -704088, -619542, -534006, -447480, -359964, -271458, -181962, -91476, 0, 92466, 185922, 280368, 375804, 472230, 569646, 668052,},
    { -2279574, -2214828, -2149092, -2082366, -2014650, -1945944, -1876248, -1805562, -1733886, -1661220, -1587564, -1512918, -1437282, -1360656, -1283040, -1204434, -1124838, -1044252, -962676, -880110, -796554, -712008, -626472, -539946, -452430, -363924, -274428, -183942, -92466, 0, 93456, 187902, 283338, 379764, 477180, 575586,},
    { -2373030, -2308284, -2242548, -2175822, -2108106, -2039400, -1969704, -1899018, -1827342, -1754676, -1681020, -1606374, -1530738, -1454112, -1376496, -1297890, -1218294, -1137708, -1056132, -973566, -890010, -805464, -719928, -633402, -545886, -457380, -367884, -277398, -185922, -93456, 0, 94446, 189882, 286308, 383724, 482130,},
    { -2467476, -2402730, -2336994, -2270268, -2202552, -2133846, -2064150, -1993464, -1921788, -1849122, -1775466, -1700820, -1625184, -1548558, -1470942, -1392336, -1312740, -1232154, -1150578, -1068012, -984456, -899910, -814374, -727848, -640332, -551826, -462330, -371844, -280368, -187902, -94446, 0, 95436, 191862, 289278, 387684,},
    { -2562912, -2498166, -2432430, -2365704, -2297988, -2229282, -2159586, -2088900, -2017224, -1944558, -1870902, -1796256, -1720620, -1643994, -1566378, -1487772, -1408176, -1327590, -1246014, -1163448, -1079892, -995346, -909810, -823284, -735768, -647262, -557766, -467280, -375804, -283338, -189882, -95436, 0, 96426, 193842, 292248,},
    { -2659338, -2594592, -2528856, -2462130, -2394414, -2325708, -2256012, -2185326, -2113650, -2040984, -1967328, -1892682, -1817046, -1740420, -1662804, -1584198, -1504602, -1424016, -1342440, -1259874, -1176318, -1091772, -1006236, -919710, -832194, -743688, -654192, -563706, -472230, -379764, -286308, -191862, -96426, 0, 97416, 195822,},
    { -2756754, -2692008, -2626272, -2559546, -2491830, -2423124, -2353428, -2282742, -2211066, -2138400, -2064744, -1990098, -1914462, -1837836, -1760220, -1681614, -1602018, -1521432, -1439856, -1357290, -1273734, -1189188, -1103652, -1017126, -929610, -841104, -751608, -661122, -569646, -477180, -383724, -289278, -193842, -97416, 0, 98406,},
    { -2855160, -2790414, -2724678, -2657952, -2590236, -2521530, -2451834, -2381148, -2309472, -2236806, -2163150, -2088504, -2012868, -1936242, -1858626, -1780020, -1700424, -1619838, -1538262, -1455696, -1372140, -1287594, -1202058, -1115532, -1028016, -939510, -850014, -759528, -668052, -575586, -482130, -387684, -292248, -195822, -98406, 0,},
};

const int32_t i32TempNtcTable[TEMPNTCDATALEN] = {
    198710,
    189729,
    181190,
    173070,
    165350,

    157980,
    150960,
    144260,
    137850,
    131720,

    125860,
    120240,
    114860,
    109700,
    104750,

    100000,
    95642,
    91506,
    87557,
    83845,

    80299,
    76926,
    73718,
    70665,
    67759,

    64911,
    62355,
    59842,
    57446,
    55161,

    52980,
    50900,
    48913,
    47016,
    45203,

    43471,
};
#endif


#if (SENSOR_TYPE == S_ISB_TS45H)
///< NTC-VIR 环温-电压 离散数据表
//* 环境温度长度为：[TEMPVIR_NTCDATALEN], 表示温度范围为:10℃~45℃，表格数据精度(步长)为：1℃
//* 表面温度长度为：[TEMPVIRDATALEN], 表示温度范围为10℃~45℃, 表格数据精度(步长)0.5℃
//* 数据单位(nV)
const int32_t i32TempVirTable[TEMPVIR_NTCDATALEN][TEMPVIRDATALEN] = {
    {         0,     32227,     64454,    104118,    143782,    182454,    221127,    263270,    305413,    346068,    386724,    427875,    469027,    507203,    545380,    582069,    618758,    657431,    696103,    734280,    772456,    815591,    858726,    899381,    940037,    981684,   1023331,   1063491,   1103651,   1144802,   1185954,   1228592,   1271231,   1314862,   1358492,   1400139,   1441786,   1485417,   1529047,   1578627,   1628207,   1676796,   1725384,   1764552,   1803720,   1846359,   1888998,   1933124,   1977250,   2023856,   2070461,   2111116,   2151772,   2195402,   2239033,   2282167,   2325302,   2373395,   2421487,   2465118,   2508748,   2554362,   2599975,   2649555,   2699135,   2747724,   2796312,   2846388,   2896464,   2938607,   2980750,},
    {    -64490,    -32245,         0,     39686,     79373,    118067,    156761,    198928,    241095,    281773,    322452,    363627,    404801,    442999,    481198,    517908,    554617,    593312,    632006,    670204,    708402,    751561,    794720,    835399,    876077,    917748,    959419,    999601,   1039784,   1080958,   1122133,   1164796,   1207459,   1251114,   1294769,   1336440,   1378110,   1421765,   1465420,   1515028,   1564636,   1613252,   1661868,   1701058,   1740249,   1782912,   1825574,   1869726,   1913877,   1960508,   2007140,   2047818,   2088497,   2132152,   2175807,   2218966,   2262125,   2310245,   2358364,   2402019,   2445674,   2491314,   2536953,   2586561,   2636169,   2684785,   2733401,   2783505,   2833609,   2875776,   2917943,},
    {   -143944,   -111681,    -79418,    -39709,         0,     38716,     77432,    119623,    161813,    202515,    243216,    284414,    325612,    363832,    402052,    438782,    475513,    514229,    552945,    591165,    629384,    672568,    715751,    756453,    797154,    838848,    880543,    920748,    960953,   1002151,   1043349,   1086036,   1128723,   1172402,   1216082,   1257776,   1299470,   1343150,   1386830,   1436466,   1486102,   1534745,   1583388,   1622601,   1661813,   1704500,   1747187,   1791363,   1835539,   1882197,   1928855,   1969556,   2010258,   2053938,   2097617,   2140801,   2183984,   2232131,   2280278,   2323958,   2367637,   2413302,   2458967,   2508603,   2558239,   2606883,   2655526,   2705658,   2755791,   2797981,   2840172,},
    {   -221501,   -189220,   -156938,   -117207,    -77476,    -38738,         0,     42214,     84429,    125153,    165878,    207099,    248320,    286561,    324803,    361554,    398305,    437043,    475781,    514022,    552264,    595471,    638679,    679404,    720128,    761846,    803564,    843791,    884019,    925240,    966461,   1009172,   1051884,   1095588,   1139292,   1181010,   1222728,   1266432,   1310136,   1359800,   1409464,   1458135,   1506806,   1546040,   1585275,   1627986,   1670697,   1714898,   1759099,   1805783,   1852467,   1893192,   1933916,   1977620,   2021325,   2064532,   2107740,   2155914,   2204088,   2247793,   2291497,   2337188,   2382879,   2432543,   2482207,   2530877,   2579548,   2629709,   2679869,   2722084,   2764298,},
    {   -306103,   -273803,   -241503,   -201750,   -161996,   -123236,    -84476,    -42238,         0,     40747,     81495,    122739,    163984,    202246,    240509,    277281,    314053,    352813,    391573,    429836,    468099,    511331,    554563,    595310,    636058,    677799,    719540,    759791,    800041,    841286,    882530,    925265,    968000,   1011729,   1055458,   1097199,   1138941,   1182670,   1226399,   1276091,   1325783,   1374481,   1423179,   1462436,   1501692,   1544427,   1587162,   1631388,   1675614,   1722325,   1769035,   1809783,   1850530,   1894259,   1937988,   1981220,   2024452,   2072653,   2120855,   2164584,   2208312,   2254029,   2299746,   2349438,   2399130,   2447828,   2496526,   2546715,   2596904,   2639142,   2681380,},
    {   -387816,   -355498,   -323180,   -283404,   -243628,   -204846,   -166065,   -123803,    -81541,    -40770,         0,     41268,     82535,    120820,    159104,    195897,    232690,    271471,    310253,    348537,    386822,    430078,    473334,    514105,    554875,    596640,    638405,    678678,    718951,    760219,    801486,    844246,    887005,    930758,    974512,   1016277,   1058042,   1101795,   1145549,   1195269,   1244989,   1293714,   1342440,   1381719,   1420998,   1463757,   1506516,   1550767,   1595018,   1641754,   1688491,   1729262,   1770032,   1813786,   1857539,   1900796,   1944052,   1992280,   2040509,   2084262,   2128016,   2173758,   2219501,   2269221,   2318941,   2367666,   2416392,   2466609,   2516826,   2559088,   2601350,},
    {   -470616,   -438280,   -405944,   -366145,   -326347,   -287543,   -248740,   -206454,   -164168,   -123375,    -82582,    -41291,         0,     38306,     76612,    113425,    150239,    189042,    227846,    266152,    304458,    347739,    391019,    431813,    472606,    514394,    556183,    596479,    636774,    678065,    719356,    762139,    804923,    848701,    892479,    934267,    976056,   1019834,   1063612,   1113360,   1163108,   1211861,   1260614,   1299915,   1339216,   1381999,   1424783,   1469058,   1513334,   1560097,   1606860,   1647654,   1688447,   1732225,   1776004,   1819284,   1862565,   1910821,   1959076,   2002854,   2046633,   2092401,   2138169,   2187917,   2237665,   2286418,   2335171,   2385417,   2435662,   2477948,   2520234,},
    {   -547536,   -515182,   -482827,   -443006,   -403186,   -364360,   -325535,   -283225,   -240916,   -200100,   -159283,   -117969,    -76655,    -38328,         0,     36834,     73668,    112494,    151319,    189647,    227974,    271279,    314584,    355401,    396217,    438029,    479841,    520159,    560478,    601792,    643106,    685913,    728721,    772524,    816326,    858138,    899950,    943753,    987556,   1037332,   1087108,   1135888,   1184669,   1223992,   1263315,   1306122,   1348930,   1393230,   1437531,   1484320,   1531110,   1571926,   1612742,   1656545,   1700348,   1743653,   1786958,   1835241,   1883524,   1927327,   1971130,   2016924,   2062717,   2112493,   2162269,   2211050,   2259830,   2310104,   2360378,   2402688,   2444997,},
    {   -621554,   -589181,   -556809,   -516966,   -477122,   -438275,   -399428,   -357095,   -314761,   -273922,   -233083,   -191745,   -150408,   -112059,    -73710,    -36855,         0,     38847,     77694,    116043,    154392,    197722,    241051,    281891,    322730,    364565,    406401,    446742,    487083,    528420,    569758,    612589,    655421,    699248,    743076,    784911,    826746,    870574,    914401,    964205,   1014009,   1062817,   1111625,   1150970,   1190316,   1233147,   1275978,   1320304,   1364630,   1411445,   1458261,   1499100,   1539940,   1583767,   1627595,   1670924,   1714254,   1762564,   1810873,   1854701,   1898528,   1944348,   1990168,   2039972,   2089776,   2138584,   2187392,   2237694,   2287996,   2330329,   2372663,},
    {   -699641,   -667250,   -634860,   -594994,   -555128,   -516260,   -477391,   -435033,   -392676,   -351814,   -310952,   -269591,   -228231,   -189860,   -151489,   -114614,    -77738,    -38869,         0,     38371,     76741,    120095,    163449,    204311,    245173,    287032,    328891,    369255,    409619,    450980,    492340,    535196,    578051,    621903,    665756,    707614,    749473,    793325,    837178,    887010,    936842,    985677,   1034512,   1073880,   1113247,   1156102,   1198958,   1243308,   1287659,   1334501,   1381343,   1422205,   1463068,   1506920,   1550772,   1594126,   1637480,   1685817,   1734154,   1778006,   1821858,   1867703,   1913549,   1963381,   2013213,   2062048,   2110884,   2161214,   2211544,   2253901,   2296259,},
    {   -776819,   -744410,   -712001,   -672113,   -632225,   -593334,   -554443,   -512062,   -469681,   -428796,   -387911,   -346527,   -305143,   -266751,   -228359,   -191462,   -154566,   -115675,    -76784,    -38392,         0,     43378,     86756,    127642,    168527,    210409,    252292,    292678,    333065,    374449,    415832,    458712,    501592,    545468,    589345,    631228,    673110,    716987,    760864,    810724,    860584,    909446,    958309,    997699,   1037088,   1079968,   1122847,   1167223,   1211598,   1258466,   1305335,   1346220,   1387105,   1430982,   1474859,   1518237,   1561615,   1609979,   1658344,   1702220,   1746097,   1791968,   1837840,   1887700,   1937560,   1986422,   2035285,   2085644,   2136002,   2178383,   2220764,},
    {   -864060,   -831633,   -799206,   -759295,   -719385,   -680472,   -641560,   -599155,   -556750,   -515842,   -474934,   -433527,   -392120,   -353706,   -315292,   -278375,   -241458,   -202545,   -163633,   -125219,    -86805,    -43403,         0,     40908,     81816,    123722,    165628,    206037,    246447,    287854,    329261,    372164,    415068,    458970,    502871,    544777,    586683,    630584,    674486,    724374,    774262,    823152,    872042,    911454,    950865,    993769,   1036673,   1081073,   1125473,   1172368,   1219263,   1260171,   1301079,   1344980,   1388882,   1432284,   1475687,   1524078,   1572470,   1616371,   1660273,   1706170,   1752067,   1801955,   1851843,   1900733,   1949623,   2000010,   2050397,   2092802,   2135206,},
    {   -946407,   -913962,   -881517,   -841584,   -801651,   -762716,   -723782,   -681353,   -638925,   -597994,   -557063,   -515632,   -474202,   -435767,   -397331,   -360394,   -323456,   -284521,   -245587,   -207151,   -168716,   -125289,    -81862,    -40931,         0,     41929,     83859,    124291,    164723,    206153,    247583,    290511,    333439,    377365,    421291,    463220,    505150,    549076,    593002,    642918,    692834,    741752,    790669,    830103,    869537,    912464,    955392,    999817,   1044243,   1091164,   1138085,   1179016,   1219947,   1263873,   1307799,   1351226,   1394653,   1443072,   1491490,   1535416,   1579342,   1625265,   1671188,   1721104,   1771020,   1819937,   1868855,   1919270,   1969685,   2012114,   2054543,},
    {  -1030844,   -998381,   -965917,   -925962,   -886007,   -847050,   -808094,   -765642,   -723189,   -682235,   -641281,   -599827,   -558374,   -519917,   -481460,   -444502,   -407543,   -368587,   -329630,   -291174,   -252717,   -209265,   -165814,   -124860,    -83906,    -41953,         0,     40455,     80909,    122363,    163816,    206768,    249720,    293671,    337621,    379574,    421527,    465478,    509429,    559373,    609317,    658262,    707207,    746663,    786119,    829070,    872022,    916472,    960923,   1007870,   1054817,   1095771,   1136725,   1180676,   1224627,   1268078,   1311529,   1359975,   1408421,   1452372,   1496322,   1542271,   1588219,   1638163,   1688107,   1737052,   1785997,   1836441,   1886884,   1929337,   1971789,},
    {  -1112377,  -1079895,  -1047413,  -1007436,   -967458,   -928480,   -889502,   -847025,   -804549,   -763572,   -722595,   -681118,   -639642,   -601163,   -562685,   -525705,   -488726,   -449748,   -410770,   -372291,   -333813,   -290337,   -246862,   -205885,   -164908,   -122931,    -80955,    -40477,         0,     41477,     82954,    125929,    168905,    212881,    256856,    298833,    340809,    384784,    428760,    478732,    528704,    577676,    626649,    666127,    705605,    748581,    791556,    836032,    880507,    927480,    974454,   1015431,   1056408,   1100383,   1144359,   1187834,   1231310,   1279783,   1328256,   1372231,   1416206,   1462181,   1508155,   1558127,   1608099,   1657072,   1706044,   1756516,   1806988,   1849464,   1891940,},
    {  -1196000,  -1163500,  -1131000,  -1091000,  -1051000,  -1012000,   -973000,   -930500,   -888000,   -847000,   -806000,   -764500,   -723000,   -684500,   -646000,   -609000,   -572000,   -533000,   -494000,   -455500,   -417000,   -373500,   -330000,   -289000,   -248000,   -206000,   -164000,   -123500,    -83000,    -41500,         0,     43000,     86000,    130000,    174000,    216000,    258000,    302000,    346000,    396000,    446000,    495000,    544000,    583500,    623000,    666000,    709000,    753500,    798000,    845000,    892000,    933000,    974000,   1018000,   1062000,   1105500,   1149000,   1197500,   1246000,   1290000,   1334000,   1380000,   1426000,   1476000,   1526000,   1575000,   1624000,   1674500,   1725000,   1767500,   1810000,},
    {  -1282718,  -1250200,  -1217682,  -1177659,  -1137637,  -1098615,  -1059593,  -1017069,   -974545,   -933522,   -892500,   -850976,   -809453,   -770931,   -732410,   -695389,   -658368,   -619347,   -580325,   -541803,   -503282,   -459757,   -416233,   -375210,   -334187,   -292164,   -250140,   -209617,   -169095,   -127571,    -86048,    -43024,         0,     44025,     88049,    130073,    172096,    216121,    260146,    310174,    360202,    409229,    458256,    497779,    537301,    580325,    623349,    667874,    712399,    759425,    806451,    847474,    888497,    932522,    976547,   1020071,   1063595,   1112122,   1160650,   1204674,   1248699,   1294725,   1340750,   1390778,   1440806,   1489834,   1538861,   1589390,   1639918,   1682442,   1724965,},
    {  -1371534,  -1338998,  -1306462,  -1266417,  -1226372,  -1187328,  -1148285,  -1105737,  -1063189,  -1022144,   -981098,   -939551,   -898005,   -859462,   -820918,   -783877,   -746836,   -707792,   -668748,   -630205,   -591662,   -548113,   -504564,   -463519,   -422473,   -380426,   -338379,   -297833,   -257288,   -215741,   -174195,   -131147,    -88099,    -44049,         0,     42047,     84094,    128143,    172193,    222249,    272305,    321360,    370414,    409959,    449503,    492551,    535599,    580149,    624699,    671752,    718804,    759850,    800896,    844945,    888995,    932543,    976092,   1024646,   1073201,   1117250,   1161299,   1207351,   1253402,   1303458,   1353514,   1402569,   1451624,   1502181,   1552737,   1595285,   1637832,},
    {  -1456443,  -1423888,  -1391334,  -1351266,  -1311199,  -1272134,  -1233068,  -1190497,  -1147925,  -1106856,  -1065788,  -1024218,   -982648,   -944083,   -905519,   -868457,   -831394,   -792329,   -753263,   -714699,   -676134,   -632561,   -588988,   -547919,   -506850,   -464780,   -422709,   -382141,   -341573,   -300003,   -258433,   -215361,   -172289,   -128215,    -84141,    -42071,         0,     44074,     88148,    138232,    188316,    237398,    286480,    326047,    365613,    408685,    451758,    496332,    540907,    587986,    635065,    676134,    717203,    761277,    805351,    848924,    892497,    941078,    989660,   1033734,   1077808,   1123885,   1169962,   1220046,   1270130,   1319213,   1368295,   1418880,   1469465,   1512036,   1554607,},
    {  -1545454,  -1512881,  -1480308,  -1440219,  -1400129,  -1361042,  -1321955,  -1279359,  -1236764,  -1195672,  -1154580,  -1112988,  -1071395,  -1032808,   -994222,   -957139,   -920056,   -880969,   -841882,   -803295,   -764709,   -721112,   -677514,   -636422,   -595331,   -553236,   -511142,   -470552,   -429961,   -388368,   -346775,   -303679,   -260582,   -216484,   -172385,   -130291,    -88197,    -44099,         0,     50112,    100224,    149334,    198444,    238032,    277620,    320717,    363813,    408413,    453012,    500118,    547223,    588315,    629407,    673505,    717604,    761201,    804799,    853407,    902016,    946115,    990213,   1036316,   1082419,   1132531,   1182643,   1231753,   1280863,   1331476,   1382089,   1424684,   1467279,},
    {  -1646598,  -1614007,  -1581416,  -1541304,  -1501192,  -1462082,  -1422973,  -1380354,  -1337735,  -1296620,  -1255506,  -1213889,  -1172273,  -1133665,  -1095058,  -1057954,  -1020850,   -981741,   -942632,   -904024,   -865416,   -821795,   -778173,   -737058,   -695943,   -653826,   -611708,   -571095,   -530481,   -488865,   -447249,   -404128,   -361008,   -316885,   -272762,   -230644,   -188526,   -144403,   -100280,    -50140,         0,     49137,     98274,    137885,    177496,    220616,    263736,    308361,    352986,    400117,    447249,    488364,    529478,    573602,    617725,    661347,    704968,    753604,    802240,    846363,    890486,    936615,    982744,   1032884,   1083024,   1132161,   1181298,   1231940,   1282581,   1325200,   1367819,},
    {  -1745846,  -1713237,  -1680628,  -1640494,  -1600359,  -1561228,  -1522097,  -1479454,  -1436812,  -1395674,  -1354536,  -1312897,  -1271257,  -1232628,  -1193998,  -1156874,  -1119750,  -1080619,  -1041488,  -1002858,   -964229,   -920583,   -876937,   -835799,   -794661,   -752520,   -710379,   -669743,   -629107,   -587467,   -545828,   -502683,   -459539,   -415391,   -371243,   -329102,   -286961,   -242813,   -198665,   -148497,    -98329,    -49165,         0,     39633,     79265,    122410,    165554,    210204,    254853,    302011,    349169,    390307,    431445,    475593,    519740,    563387,    607033,    655696,    704359,    748507,    792654,    838809,    884964,    935132,    985300,   1034464,   1083629,   1134298,   1184968,   1227611,   1270254,},
